Id,SalePrice
1461,127284.2185893035
1462,162086.5019176673
1463,192215.56966088488
1464,198707.13310638355
1465,188483.48912957555
1466,172753.91276523386
1467,169628.51812599314
1468,168483.57161949846
1469,180210.21851819806
1470,127664.71372108754
1471,199732.40807587802
1472,94070.83891241543
1473,98340.13555877404
1474,149256.660929671
1475,118830.84739267785
1476,374019.55926530925
1477,251568.1578186418
1478,299283.5018877814
1479,292741.9039495961
1480,487856.2130663203
1481,313710.9026089127
1482,205846.42587402006
1483,183874.99148259038
1484,166987.12838598143
1485,177651.86128828907
1486,191827.17623842906
1487,332815.63673042215
1488,223962.26233094785
1489,214866.19549353226
1490,220177.57749479506
1491,192729.70965671356
1492,95472.64312985684
1493,190630.61249384383
1494,284992.5445619099
1495,271361.35888972617
1496,241419.1497176087
1497,178054.780575052
1498,162864.93444120447
1499,165426.01767023452
1500,166341.158773519
1501,182049.6541278419
1502,149536.7374241526
1503,298380.96635941585
1504,232781.1610810082
1505,216247.00834996093
1506,180759.9785578668
1507,248460.87502833016
1508,193088.36938246238
1509,159374.72666185975
1510,149150.41883224164
1511,148103.31079960926
1512,167465.99428319375
1513,145402.99495292627
1514,158856.25621290677
1515,198314.014911642
1516,144172.55053027894
1517,165147.03369069015
1518,130440.17264599909
1519,225264.6740808586
1520,140748.76689668006
1521,143771.66975916876
1522,165410.28624599395
1523,117562.73385532378
1524,120474.79905873377
1525,122219.34086399786
1526,111772.3526221845
1527,105459.03396639576
1528,130819.88336429982
1529,152955.78866967282
1530,169756.15605974794
1531,109771.71432996377
1532,93615.73545346821
1533,144350.56589397468
1534,116776.45483861075
1535,146293.39198759204
1536,108208.08433803325
1537,67943.18855204785
1538,145950.88101836626
1539,194452.24726148936
1540,87890.58579414859
1541,138838.0143104807
1542,144569.57044240445
1543,203804.76229037155
1544,76958.09639655499
1545,107141.51991470711
1546,124574.81311359581
1547,143911.26433319526
1548,139808.789938916
1549,114863.97300317342
1550,139604.9729584915
1551,105165.3149388143
1552,141158.34327707277
1553,149395.8177425514
1554,112172.78174197505
1555,167340.03463583856
1556,79746.93485231072
1557,93522.9718875158
1558,94027.71483953911
1559,92797.98149460176
1560,129847.47863657502
1561,141411.00614544822
1562,132707.83186602496
1563,124467.08437950783
1564,155098.2586257952
1565,162503.28954050143
1566,226674.30459220443
1567,71959.35566410961
1568,221244.32451943427
1569,142349.55607475893
1570,141212.31341275197
1571,120454.21362611839
1572,144700.47904036194
1573,243730.08747835128
1574,109999.3120405355
1575,221757.61139637342
1576,247359.153253958
1577,201252.42234647056
1578,147699.3479089272
1579,144749.5402002436
1580,184093.12771675774
1581,153971.04809454014
1582,127992.0078939844
1583,318853.4797053792
1584,227133.11142994248
1585,140970.84284413414
1586,72232.24977574788
1587,100434.08240937759
1588,161048.80158260948
1589,100044.17414345167
1590,134964.2838232455
1591,98570.33258504707
1592,118262.13157639709
1593,122481.97902286272
1594,129816.36590514383
1595,110139.89908802188
1596,231599.45419395
1597,194205.7370288193
1598,209236.50469074474
1599,159943.10678690893
1600,169862.5568238301
1601,64271.12140840851
1602,108670.84292173151
1603,95807.68191292163
1604,259993.64662365915
1605,231770.94112282348
1606,169450.37010645514
1607,162287.21888517318
1608,209183.7409090735
1609,192654.5103573854
1610,162502.1481817501
1611,141656.4479662919
1612,171475.1763200015
1613,167490.0971116747
1614,117381.36239769887
1615,85733.73309504546
1616,72445.86846892642
1617,88754.08408407189
1618,123828.53838995163
1619,146249.00843828963
1620,170640.11245322105
1621,139161.99796469763
1622,142865.0546735053
1623,269717.8060440848
1624,210029.2601783323
1625,115496.69628130128
1626,159043.17948832936
1627,188910.86352763834
1628,268804.0096788492
1629,186682.7176302666
1630,376528.49772959313
1631,208489.16059440465
1632,224510.00095739754
1633,172550.8010836756
1634,187609.554450393
1635,174556.30299111578
1636,159588.41542761333
1637,193507.4696533433
1638,181789.35087618176
1639,181666.46074896565
1640,245825.84412271748
1641,175331.53007282573
1642,232785.97588748104
1643,213318.58445460277
1644,229433.8383134927
1645,194126.78550906255
1646,160058.43586940566
1647,161417.79882605816
1648,135006.95025182888
1649,142524.0178025536
1650,116804.97260000405
1651,123732.3087250691
1652,97243.53515768373
1653,100629.91309873309
1654,145120.04729493253
1655,144359.18977546183
1656,142022.4511091543
1657,147514.78657778684
1658,141272.05824611394
1659,125284.65235924974
1660,157430.2264318633
1661,433491.8087608562
1662,379846.4622471403
1663,365305.6392577936
1664,468245.99366516893
1665,296882.9033951764
1666,322716.63513497764
1667,389188.29573031067
1668,340546.56656390947
1669,281503.891697957
1670,354677.4684232043
1671,268652.965282241
1672,466169.693593042
1673,304972.65193026315
1674,238324.06147190643
1675,188582.20520222135
1676,196911.33686591533
1677,224404.14267791808
1678,463954.0068829759
1679,379281.8412941365
1680,342352.2644805236
1681,235263.65460951443
1682,305582.28072852653
1683,175077.33278667938
1684,167520.43187532434
1685,168216.80602183964
1686,168284.78403526
1687,172851.67866730955
1688,189017.29767475912
1689,197234.11003503343
1690,185093.27297487092
1691,177938.8827480705
1692,248211.02113679246
1693,172245.29182623103
1694,182949.33114916735
1695,165288.12713749148
1696,256412.3501327862
1697,171162.96196094214
1698,343238.39226914005
1699,324597.1928436227
1700,262260.1967422574
1701,257033.0332038612
1702,252150.07211517307
1703,253676.6228640842
1704,282823.39182709967
1705,215158.0916024304
1706,431784.60647915007
1707,223807.4737250438
1708,215473.3005342109
1709,260008.39249829494
1710,222199.36628765558
1711,266215.1569735223
1712,268172.6274332533
1713,288350.1301728178
1714,221729.97152315438
1715,211575.2763717963
1716,184901.66119536423
1717,170677.36570844162
1718,134361.15692201728
1719,195627.44282180734
1720,235081.4785408712
1721,169245.59765784678
1722,128881.26862951997
1723,159270.35784185087
1724,218569.22567870747
1725,231428.11494135912
1726,192015.52502995354
1727,164230.58871405837
1728,178217.33881138626
1729,177589.2687635616
1730,155272.4417052109
1731,126322.8044625713
1732,132553.0285750214
1733,123176.178502048
1734,124417.78230362103
1735,132895.46380082134
1736,116590.17272097549
1737,293109.2866512846
1738,233009.9355188808
1739,257751.16195041593
1740,239584.87448990517
1741,202388.42403916921
1742,176262.07817676547
1743,175198.88824826025
1744,319146.39879797195
1745,222048.6987897558
1746,167613.90409716318
1747,218275.8764896303
1748,231499.35523233222
1749,156819.71246007926
1750,127001.42091294428
1751,230910.8265349264
1752,123436.04931781419
1753,150120.16906385773
1754,183477.23015836516
1755,173803.98597176798
1756,127295.50821581717
1757,124252.73024195814
1758,144523.54499059805
1759,157111.18537504203
1760,168241.5387129546
1761,133474.3814726158
1762,186114.23361134288
1763,158900.02834175117
1764,119509.3036556543
1765,157317.7114122227
1766,173033.30924239932
1767,210021.62296592636
1768,150782.4001043611
1769,176796.46580244676
1770,142711.9258358359
1771,130529.56229317922
1772,132018.64632115437
1773,145989.88518415246
1774,133193.05694160057
1775,141390.21091622283
1776,124129.91883662301
1777,120253.61965933577
1778,145153.62774038909
1779,124481.6899614735
1780,179909.5305315041
1781,130941.14401471714
1782,98288.07532363245
1783,146343.1501468032
1784,105956.23857840305
1785,120280.8087122813
1786,141574.80153013705
1787,165255.20876050246
1788,63139.778088070685
1789,99835.981831225
1790,83641.30184713083
1791,175005.4867909311
1792,158760.32953929075
1793,129076.5274294491
1794,150719.5546452749
1795,140468.47831245456
1796,127885.06754033062
1797,120683.56309015655
1798,125297.24966888966
1799,114651.89349063588
1800,133345.26845702657
1801,139461.96096322528
1802,126035.07641382627
1803,141421.01969784143
1804,146253.67159542913
1805,131727.8772512548
1806,118601.9245151668
1807,119180.00572924668
1808,124701.60841613184
1809,127595.55776386891
1810,155931.34441647053
1811,93606.23663709818
1812,90526.18326508816
1813,124202.42945645034
1814,100901.35337694293
1815,50836.32075337084
1816,104779.77329253986
1817,116256.61810413795
1818,144622.64366185965
1819,126628.66560286231
1820,65445.41497362737
1821,109910.42847057931
1822,142037.36429431813
1823,54413.228240608514
1824,130074.81621450362
1825,135200.7100829355
1826,110904.0603918303
1827,100236.74638395882
1828,135617.36245126653
1829,108546.67604221567
1830,148496.44481656572
1831,134659.1365630157
1832,81838.17031682642
1833,140713.6426972225
1834,121323.65083421247
1835,124713.4212592007
1836,127469.41763049446
1837,85834.81413473556
1838,132395.62800660153
1839,93345.61910756446
1840,169171.15013402863
1841,147005.82017966578
1842,84156.38886800135
1843,137974.07419027528
1844,139513.73710076849
1845,146088.67438675623
1846,151896.78813102344
1847,166873.1347031723
1848,54508.57059005338
1849,106202.2500667756
1850,120444.29130679429
1851,152705.9825541585
1852,116151.27764651003
1853,136999.00394675304
1854,171702.4025311488
1855,142726.27083887864
1856,220605.60934429307
1857,144425.20069243782
1858,141380.95141716217
1859,118580.62274966903
1860,151720.93145312837
1861,118102.80247985436
1862,287400.40816595434
1863,270599.9979109263
1864,270599.9979109263
1865,358163.95513618086
1866,354326.69143121975
1867,232068.4671588696
1868,287590.8081251421
1869,203948.1836936959
1870,231313.44528861323
1871,251617.55323144747
1872,169570.86510723183
1873,225666.54280595682
1874,140785.19350898624
1875,200440.76129816263
1876,192204.74351322468
1877,216530.6860986236
1878,212718.65556756765
1879,133062.73472852446
1880,132633.5661638008
1881,244169.7299267525
1882,238112.40147224747
1883,191343.36909134767
1884,204625.11893088746
1885,241826.2093479194
1886,289043.88850966276
1887,206049.82544764935
1888,273138.2244137648
1889,158646.98342926838
1890,123825.48663272656
1891,136192.31688670767
1892,103355.78840266171
1893,130058.05028011941
1894,125358.52058333295
1895,132917.21164906284
1896,126044.65661759487
1897,117968.99097352191
1898,108054.83933113559
1899,155542.5845451841
1900,137864.77804769698
1901,170878.22102624606
1902,139304.15538057525
1903,213196.23934665305
1904,142605.7539935699
1905,203069.5818977433
1906,166024.38681809537
1907,184231.5295265959
1908,113139.75147268982
1909,136235.77365359626
1910,119403.37478545787
1911,215480.0441141647
1912,319873.7584719802
1913,148797.34702153612
1914,74944.27626530276
1915,320628.7652514492
1916,60767.560927319835
1917,241237.4458157197
1918,139808.32274001304
1919,171609.33915234875
1920,139978.0254872776
1921,402500.6698929521
1922,342273.4496019212
1923,225898.19215755074
1924,237758.9589152896
1925,197018.39478633547
1926,400094.41497801535
1927,133386.11624470714
1928,155860.9809200384
1929,133800.1385200429
1930,136431.00205319087
1931,143224.32370485956
1932,144237.30452593556
1933,191926.08053989775
1934,178776.32089791243
1935,174200.97425238977
1936,194593.61023529698
1937,191234.75034446476
1938,180265.12696424196
1939,224078.1827372784
1940,187521.66775235574
1941,173982.42065720432
1942,190628.47151213582
1943,220170.41781238152
1944,379033.4588747717
1945,414639.9311736059
1946,159272.15647740918
1947,310849.268368341
1948,177823.22637668744
1949,261912.95467816756
1950,182044.21638616206
1951,256637.24957687905
1952,202869.47250210404
1953,182802.1617026364
1954,177959.06219267173
1955,140825.17433586397
1956,297533.04531705106
1957,160701.17923378362
1958,314537.34047148033
1959,140851.29117612497
1960,113777.15799394078
1961,128396.01286070903
1962,95724.19944181296
1963,104244.5742404897
1964,114595.09825051285
1965,149149.79298214242
1966,139883.97560735221
1967,299039.0888559638
1968,420543.84674334223
1969,395897.6357561531
1970,458880.43841201323
1971,425991.3017838291
1972,373058.61988073564
1973,243792.6068859759
1974,328297.14145387703
1975,463333.72643373854
1976,269034.69621912314
1977,358973.40729917714
1978,361089.1380369322
1979,345605.365320586
1980,210696.06269669576
1981,369118.5694149565
1982,219912.8958113778
1983,214384.25521159856
1984,170393.10548801362
1985,217281.6934826984
1986,208112.0701418945
1987,181179.84232729324
1988,175565.20558999787
1989,185588.49434941894
1990,222243.62103717815
1991,237999.33903013248
1992,210505.7728657686
1993,160783.49862273506
1994,220565.23856466045
1995,182120.4272516487
1996,253749.75099232473
1997,303298.83063732
1998,333060.634288526
1999,274509.91082052275
2000,325054.38709710253
2001,294976.6625844631
2002,240471.18149721215
2003,238898.20098866802
2004,284634.30535632384
2005,195476.23199747986
2006,225272.85684841854
2007,244657.8867818448
2008,216716.36296974623
2009,201027.88072933297
2010,188039.7942288463
2011,143337.01783476354
2012,178985.36003288504
2013,182250.63488500225
2014,187091.65624866606
2015,204149.65639945224
2016,200204.9981640449
2017,198345.91005520153
2018,134154.18800005398
2019,137348.50841608338
2020,108479.45649326415
2021,111703.28203642087
2022,173926.18186491943
2023,147281.66765558874
2024,258118.53927062676
2025,322815.45141082315
2026,171516.77646007788
2027,163187.60981340482
2028,148085.96325811656
2029,176294.40409447695
2030,252110.18574860902
2031,227140.19038263286
2032,230569.08456118777
2033,246837.06102750928
2034,167275.01463456146
2035,218822.9666056891
2036,189501.4093282412
2037,191809.61641095814
2038,318716.80527707655
2039,215434.62144380467
2040,293280.8402706789
2041,280479.8793064069
2042,194374.93795938816
2043,172749.77382542417
2044,168015.04571315786
2045,213261.94760160617
2046,135458.77274836833
2047,147822.32233582574
2048,137672.2761313288
2049,136843.70671693914
2050,176357.0208974545
2051,106922.62149867167
2052,128716.69812109554
2053,141530.4079128064
2054,84509.40331170554
2055,160531.57316284065
2056,138638.9891156219
2057,117843.85527320791
2058,222416.4843054066
2059,139321.23883669602
2060,165829.20771149095
2061,165527.44630746808
2062,134757.68387689034
2063,113831.3957573133
2064,148736.9785589767
2065,116202.06590006748
2066,166609.77533285256
2067,120643.17038489967
2068,134195.1043527994
2069,82827.3577286458
2070,110222.69923555953
2071,99947.72713392382
2072,135193.25186969477
2073,141842.79330795226
2074,191163.57368267493
2075,143626.49682937082
2076,119125.11555321234
2077,153546.65157570562
2078,131952.83128019766
2079,129728.45324533017
2080,115915.26750528946
2081,124628.47442578874
2082,128753.83787730844
2083,140645.23248413237
2084,110687.28237709332
2085,126945.42356564417
2086,132614.5751091818
2087,119834.99755936564
2088,94176.15876470793
2089,76366.98996460898
2090,126889.51016921156
2091,130115.892652675
2092,122090.85850856197
2093,108420.5999454512
2094,118541.93782841855
2095,141571.3527409267
2096,79796.61990794152
2097,98318.18840449478
2098,146605.92568082397
2099,58186.919142665305
2100,86069.10473856177
2101,120411.91487544267
2102,122827.52385568964
2103,108225.24689785906
2104,129329.94406838078
2105,132199.09426849356
2106,61952.453121398044
2107,217166.3146737866
2108,113275.61249817583
2109,114418.5374822262
2110,125968.63616874217
2111,131169.19724424457
2112,136132.37092855206
2113,120979.93143629009
2114,111605.1076811344
2115,168488.88946497772
2116,112398.52212554749
2117,153265.63471992145
2118,121524.49789599077
2119,108385.71943708615
2120,113911.96256519016
2121,85983.70243763435
2122,114622.32699179748
2123,91966.61511969891
2124,155917.0187148447
2125,121109.29894794102
2126,152394.29802106702
2127,145783.11843968582
2128,127858.47829251733
2129,92328.44651531818
2130,140776.5716497711
2131,143091.8674899254
2132,110811.69951073307
2133,120281.09031967493
2134,122013.65942614924
2135,89165.62612296696
2136,83065.79515562802
2137,117028.88119421194
2138,128898.6302278162
2139,151647.6005114933
2140,135837.71905876815
2141,141883.2762090419
2142,132481.31434252817
2143,151878.4656412235
2144,111723.61745787688
2145,133380.1158551422
2146,167124.327898424
2147,132355.45495668348
2148,133415.47972729398
2149,153154.63986303177
2150,223901.3942095069
2151,109377.94116006893
2152,178946.44349721103
2153,160458.53959985924
2154,110203.11347986943
2155,139295.5117403398
2156,264088.93792183837
2157,231359.77243565
2158,233315.39163501398
2159,208957.40524800023
2160,164762.09966532333
2161,231428.83226831388
2162,391030.30288695777
2163,389476.5614713068
2164,236902.68444748915
2165,214618.9716443012
2166,144206.0131720243
2167,212443.8486968165
2168,206729.99530416823
2169,200749.6205789812
2170,218800.944838198
2171,150043.8352222221
2172,129275.46475239948
2173,156908.1835984819
2174,219211.8021168763
2175,284476.4863979643
2176,325449.1534778892
2177,253377.77414429275
2178,203282.12388187915
2179,141813.23559966974
2180,216855.11909125355
2181,185841.6951479101
2182,212729.17883483972
2183,190488.25724384564
2184,123857.82670692113
2185,130192.7229320069
2186,138327.45831650836
2187,152100.26446276726
2188,156203.9034288758
2189,239881.97997283982
2190,85047.86177804261
2191,80009.4433290295
2192,96699.23400287013
2193,107077.62148409078
2194,105216.0346252275
2195,110285.54339315099
2196,102202.00689477274
2197,122240.28479797674
2198,161196.28607831517
2199,189961.2234788897
2200,147551.78918197675
2201,138187.49059961815
2202,201125.35421867867
2203,152518.42395970286
2204,185300.84238106624
2205,114284.74084988683
2206,145810.8706155857
2207,212437.8211169357
2208,261731.8189053286
2209,236757.8475202209
2210,125510.03754647655
2211,109065.66154967461
2212,118173.78937842978
2213,105102.12990027333
2214,134403.7759718897
2215,104221.87099644907
2216,144350.06547742456
2217,72161.29535383973
2218,84739.28299985317
2219,83731.1531728537
2220,82514.33413276284
2221,321598.89814751013
2222,276801.03534975165
2223,294665.0601056462
2224,205611.53484008598
2225,121255.71503230561
2226,185974.4090756813
2227,202442.16397195577
2228,260608.3352505655
2229,238206.62353663822
2230,164820.56004583577
2231,216044.56657364525
2232,193018.59398107286
2233,171551.0196414379
2234,227257.55108319994
2235,226068.41144697097
2236,246904.99301084416
2237,343100.4466771191
2238,199919.28624930343
2239,114981.54027120634
2240,158749.82820589983
2241,154621.41366436708
2242,119884.7783874383
2243,122073.92440367282
2244,95050.55996423667
2245,98588.03608162625
2246,135847.81824228336
2247,101425.70400210764
2248,124687.24582371977
2249,126418.35924815969
2250,134723.34646017422
2251,111221.9771295077
2252,165325.7887598145
2253,153676.81726753272
2254,185053.01185874213
2255,187749.92550803383
2256,177826.86057333308
2257,214906.74394996619
2258,162942.91712430428
2259,182499.0053878052
2260,148277.4845486151
2261,188713.37939034437
2262,206316.77087069742
2263,381103.0225010101
2264,505318.8464595297
2265,175955.41994166793
2266,286328.7480822701
2267,370642.83175604464
2268,416230.2799079915
2269,152637.32603845
2270,191858.08444978454
2271,229332.8976132433
2272,192826.6218044812
2273,174774.6633152748
2274,186982.2893726292
2275,163947.15096023222
2276,199700.25907744808
2277,180132.00452915067
2278,154749.49309994304
2279,125274.34536592373
2280,108513.72685093821
2281,181686.05433484504
2282,198042.91582921144
2283,99661.68737572571
2284,112239.90607528032
2285,142186.95660735876
2286,123663.51595093896
2287,347338.47404594545
2288,273984.5421052076
2289,392074.32210928574
2290,445373.9512807788
2291,324585.56928699155
2292,434145.3818847451
2293,453864.3244001383
2294,424511.99895395525
2295,492869.9816244097
2296,262470.55922248494
2297,307170.82619860984
2298,342172.8376500932
2299,385127.4937899513
2300,328885.3193854798
2301,300253.6428529546
2302,251460.51986764476
2303,234314.66017794653
2304,222577.63011122233
2305,177442.64107380115
2306,175671.03849416054
2307,188662.89068541065
2308,216744.0541551356
2309,269437.31529910746
2310,218361.5993811136
2311,183855.63935108017
2312,168094.95742451696
2313,166129.35197276008
2314,166259.4337201517
2315,172362.05644625856
2316,174858.915124685
2317,187400.11604433204
2318,183608.55019253484
2319,176401.1136542494
2320,179896.96414577146
2321,231733.56014396166
2322,164287.8669456439
2323,190565.3339013824
2324,169581.18720129956
2325,205987.1587252106
2326,171838.49376297113
2327,218268.9363217511
2328,231407.71614286109
2329,188242.4181481765
2330,178957.56075334732
2331,357236.86642041465
2332,380829.22758322814
2333,310272.8159209746
2334,259226.2789053528
2335,263422.70704640105
2336,334314.1077747749
2337,206513.64507186375
2338,261940.2444727566
2339,223559.0542403214
2340,386256.84121697635
2341,212558.7343324239
2342,220142.6254111102
2343,224737.4118208428
2344,223327.8201206704
2345,219843.84166621373
2346,211055.9166513473
2347,202227.85909964403
2348,250532.634176751
2349,186176.84035397947
2350,302528.5464393982
2351,256295.33968539548
2352,262408.49624117196
2353,258218.56727543526
2354,138503.26411952326
2355,149636.4374322746
2356,158154.27894714597
2357,192905.29703773177
2358,196933.75458578806
2359,131395.07964648024
2360,117103.88635544005
2361,143264.7765330412
2362,252563.04415392957
2363,143480.68899994282
2364,160422.34000444663
2365,211855.94131809732
2366,181061.46226261594
2367,209423.80755519748
2368,205365.95478250523
2369,210647.75780306762
2370,172778.45109368474
2371,176198.74888778073
2372,192354.7267770002
2373,276559.538551838
2374,300586.11016824516
2375,243267.9631328867
2376,268297.16733565636
2377,346900.346599219
2378,145281.01814058152
2379,188447.0511009109
2380,142242.76278473242
2381,163549.68286285564
2382,201938.67007937332
2383,204158.48495927843
2384,250821.519567883
2385,154883.79972697233
2386,135893.8655779837
2387,136372.5801063497
2388,102285.45955119155
2389,127929.83727984839
2390,149953.47460469836
2391,145560.096837218
2392,116290.74016457463
2393,163741.29707193768
2394,150254.78247904364
2395,212966.35191081956
2396,147448.6157775024
2397,195904.1434836541
2398,129140.66584232994
2399,58004.53566115424
2400,58055.12755314837
2401,112960.21048469255
2402,138905.67158787767
2403,137644.10197202818
2404,149109.87279099712
2405,169843.45380775904
2406,138948.08849774307
2407,123225.07986677138
2408,147524.959404668
2409,126432.42639480109
2410,160339.96997999927
2411,118782.72844032399
2412,160115.77855758363
2413,136384.7933907325
2414,146226.84652353785
2415,125158.94876016035
2416,124275.82165387088
2417,138369.3931506504
2418,126283.04572704688
2419,122848.26861273569
2420,128872.8636829337
2421,147735.61289268226
2422,111453.61716199113
2423,128537.25071691378
2424,149290.721127484
2425,195785.75604188812
2426,117056.5759418563
2427,133715.98582280875
2428,170103.40268201157
2429,113869.05548089655
2430,133485.34328592764
2431,117678.7006293877
2432,140104.8093841994
2433,149152.36038381947
2434,138782.31826811287
2435,151898.57077781614
2436,108367.44574283237
2437,114944.75237983119
2438,127456.29993433715
2439,104161.01452453932
2440,121145.82605796527
2441,87367.33955233436
2442,96544.89364151083
2443,121665.55312398652
2444,124732.34584314941
2445,83392.08125472828
2446,141032.4074693652
2447,175181.94606158824
2448,129466.60618453036
2449,108809.4426418806
2450,143584.82066703477
2451,126781.47628089864
2452,198400.56301555157
2453,93645.70950102758
2454,131192.15276505877
2455,112759.10745370883
2456,140448.05938828512
2457,133740.93022752518
2458,124336.32449305468
2459,113263.26313457794
2460,134889.09238020485
2461,124607.64482518051
2462,140550.19642003908
2463,128578.6094890559
2464,177673.41697675092
2465,141838.3477786022
2466,118488.19023101995
2467,129193.58943834597
2468,82390.16929919734
2469,75878.82928582943
2470,185276.8016803377
2471,212308.95363023304
2472,156149.29098394627
2473,120350.86798897093
2474,87324.31194804785
2475,219733.27462004422
2476,118127.49607279562
2477,130050.3148392139
2478,150989.4495678559
2479,103976.9006416659
2480,154678.02518033207
2481,124018.35674311046
2482,131202.23367776387
2483,113867.19701174532
2484,124718.56579664785
2485,129080.02490436839
2486,163154.75535282487
2487,184792.9692135931
2488,165152.47184223667
2489,150284.8814962311
2490,161636.20111038515
2491,92192.32490665617
2492,204376.80342660294
2493,149193.0830188231
2494,137170.79896755205
2495,84691.08167986172
2496,244184.57356675272
2497,142061.14879934982
2498,114529.44113687045
2499,98057.73375645991
2500,130349.42651925926
2501,140818.43525564327
2502,145307.08760822457
2503,88433.16710635474
2504,177031.30143665647
2505,225549.5799833044
2506,254682.33951938193
2507,289278.435865903
2508,254471.01752028844
2509,215311.78259611348
2510,215774.4947749585
2511,176676.955043862
2512,214845.62493994864
2513,217334.49143383894
2514,250254.29334360253
2515,148991.33229040197
2516,177359.5981876728
2517,140837.01468646916
2518,153912.82348737025
2519,232686.4911335363
2520,208846.94307666316
2521,187072.85319539192
2522,224132.22758371406
2523,122643.29586772047
2524,139857.82942064214
2525,150016.04007531746
2526,136683.71672199157
2527,112517.12833354509
2528,128000.80368922108
2529,135943.582389873
2530,128224.65775190505
2531,267257.1788117761
2532,222510.78251613863
2533,196941.77122159096
2534,214546.18308996933
2535,295484.8315907054
2536,231583.35833749152
2537,234659.29977294014
2538,178659.97257688592
2539,186322.03229037594
2540,174119.35290151223
2541,178378.95288374345
2542,170215.32525917326
2543,126601.39710534456
2544,117549.61839779666
2545,127319.28669467109
2546,127667.60531200643
2547,139412.7571929268
2548,153985.42311097716
2549,163897.39840549362
2550,599226.8047720055
2551,146254.3421710067
2552,137814.00031098668
2553,74601.64314167341
2554,106050.5309792226
2555,126735.8884628889
2556,105771.46638046701
2557,109334.3666720223
2558,158407.2945505284
2559,139305.8580913873
2560,143944.32953524272
2561,142463.15998085408
2562,133447.42831393538
2563,154958.40880349823
2564,208847.4927391829
2565,147126.8182321471
2566,162383.21321391786
2567,134706.18122993942
2568,202280.7935486149
2569,205156.33346903886
2570,120393.9860120814
2571,199529.3214877673
2572,131329.8523108516
2573,232184.99274199738
2574,266434.6299505449
2575,130355.21536300758
2576,120962.16195983034
2577,152119.49610785078
2578,87270.27635423021
2579,70406.1020537971
2580,123101.54709271445
2581,122488.37795305744
2582,125345.40007936182
2583,269280.5686234023
2584,162741.1571441308
2585,187070.12555461758
2586,221491.74990462896
2587,188565.9145777643
2588,139954.9220938105
2589,147041.01437662105
2590,208401.96505732645
2591,211849.38686947423
2592,217370.44684288732
2593,243824.4119254936
2594,175693.88134955516
2595,205718.70704276554
2596,291953.5588196842
2597,180201.202263285
2598,287358.86728596495
2599,321253.45136915974
2600,154915.66050678297
2601,168808.14478708126
2602,79965.54975278862
2603,90104.1487547402
2604,85563.45617288302
2605,73873.28262435342
2606,156702.98988391858
2607,205871.77649003806
2608,210443.80133220874
2609,164974.25723581633
2610,116116.32286780108
2611,122057.54474219006
2612,153741.06369197814
2613,135390.84270357224
2614,131613.16452995755
2615,149846.89619457035
2616,148045.0719602409
2617,179659.6416712039
2618,200050.72457177524
2619,197511.38539401838
2620,189045.85163344536
2621,184516.7774484064
2622,186533.12595369288
2623,236758.84246510666
2624,314409.53266038606
2625,287403.68718140636
2626,175035.97984781512
2627,161269.23807330706
2628,482166.07778637705
2629,528899.1456089823
2630,362744.2053720658
2631,488980.1481526414
2632,445098.32935720426
2633,308759.8925017704
2634,400685.88155002135
2635,159204.47604369896
2636,176243.36927826094
2637,177386.36248653376
2638,254059.7167522893
2639,192535.03770347167
2640,155433.1152623506
2641,105489.75219777804
2642,198372.6328843746
2643,97678.81976855877
2644,126757.9917259554
2645,105075.9611499945
2646,97255.89913939498
2647,102019.40378868917
2648,141646.97948988224
2649,147599.10936531774
2650,137834.8529364457
2651,140259.81217012813
2652,383455.46723625786
2653,240699.1550961063
2654,262010.0241886817
2655,404902.9482407849
2656,294160.6758230237
2657,330036.2490080075
2658,297185.31775018875
2659,317680.81115180766
2660,357846.79869181174
2661,348284.88706865447
2662,374965.26710990083
2663,270600.630192759
2664,266029.1420333679
2665,308922.1852412322
2666,269026.27313277754
2667,162420.3946756749
2668,176169.36401820657
2669,185425.05017601914
2670,270375.4694723357
2671,180375.27876073009
2672,186283.5749538341
2673,203388.18206682813
2674,204060.87921492456
2675,176752.71554368365
2676,189591.6898881268
2677,194484.3971754908
2678,253609.85554293412
2679,283185.33838756627
2680,274020.96441406396
2681,403914.6782335072
2682,321899.24880752026
2683,524607.0838565489
2684,323902.55285981967
2685,330556.8066888141
2686,257818.6159510477
2687,343862.2997502739
2688,207075.02196294747
2689,202797.32836768118
2690,412028.0022425748
2691,201374.1495615033
2692,137324.2592278494
2693,194366.48505230778
2694,136158.7651737428
2695,195424.94939042671
2696,187043.54331233248
2697,189096.2337218268
2698,193551.20170762486
2699,177571.22276849978
2700,163397.48194872704
2701,157935.55577829055
2702,112970.63220872852
2703,117481.80428862362
2704,141593.82135164776
2705,124129.75150659666
2706,121899.49917120514
2707,128408.61769460094
2708,133296.67819854658
2709,103616.20689457064
2710,126723.85746262799
2711,252868.02059694726
2712,417032.8585364748
2713,174942.63439248927
2714,149512.66002457347
2715,173825.24214415203
2716,146395.33847323753
2717,177916.2521008456
2718,212619.45867610886
2719,158967.83524524834
2720,163228.93653825263
2721,141082.62163019532
2722,159935.13155961607
2723,137408.02170672035
2724,127096.16048681684
2725,136782.3784303155
2726,150683.64224490954
2727,180797.9536417794
2728,168359.05345643897
2729,153424.70446568972
2730,143566.32649648728
2731,127061.22328800263
2732,130707.69316867506
2733,163195.93639212073
2734,144460.75103231834
2735,139349.78403038383
2736,150579.56203188634
2737,120773.56472906681
2738,131192.24502162234
2739,160108.5735884611
2740,138659.8074180553
2741,148390.20441870685
2742,160804.25684831926
2743,148392.29015089435
2744,158625.10713174078
2745,132012.2034311864
2746,138985.74966657674
2747,152079.7755050013
2748,129973.78514520568
2749,135791.2260770711
2750,135160.4220602445
2751,138726.53101387108
2752,188756.67015765418
2753,153935.8366500252
2754,233461.31843283298
2755,132176.7227820708
2756,99573.31509417556
2757,66927.3126592008
2758,84438.16541690592
2759,157269.06481307693
2760,135290.990492358
2761,149950.14281250216
2762,141724.95822096913
2763,179312.69937698098
2764,135489.49918431422
2765,277981.4045245041
2766,135677.88651098017
2767,91333.05154655529
2768,125684.8482377453
2769,131236.36495227081
2770,137830.07092252013
2771,112062.76495771
2772,110366.99256540558
2773,174109.4235676517
2774,140744.8321703684
2775,114149.01422910341
2776,137051.07684495565
2777,140061.0877138479
2778,102867.65028480308
2779,125863.18063556291
2780,85892.66466299034
2781,101264.27092982573
2782,98196.05977838852
2783,98052.97059417535
2784,124813.0620738215
2785,138124.11050662864
2786,67268.15808215867
2787,119369.68765034236
2788,77483.38183384734
2789,176131.82404837792
2790,102044.11370182208
2791,115926.86616143314
2792,66628.30434977043
2793,180844.781321697
2794,100946.38423363741
2795,122910.21665419103
2796,102183.0792141654
2797,214308.74195462052
2798,117659.33009306616
2799,123239.94152336169
2800,61505.0200041545
2801,105554.08183476997
2802,132225.85251621055
2803,155378.31018425312
2804,131858.43311427653
2805,103379.69884267426
2806,81278.05379565078
2807,151764.85450243775
2808,154539.20744460958
2809,139259.76171978566
2810,132032.07831806107
2811,168246.45759564167
2812,160681.54693511428
2813,158053.7513906623
2814,150524.06218966848
2815,105548.55960475866
2816,242705.26846711186
2817,161454.30229755558
2818,137632.1506409249
2819,170758.98682045774
2820,142905.4793177506
2821,111507.74481952876
2822,203373.39974414272
2823,306033.37667270825
2824,193032.5569130818
2825,155462.37200165246
2826,133828.19563113776
2827,135508.15467116964
2828,226447.66416896612
2829,222638.76878461952
2830,219417.6476675169
2831,178396.79395421484
2832,257063.0294758616
2833,309274.3850735076
2834,209251.18545450448
2835,221519.86453878164
2836,191900.00840283674
2837,148964.357913765
2838,150424.92593081365
2839,174387.93585783814
2840,194265.48482459533
2841,206287.99985643005
2842,230021.13799750904
2843,159184.9652744478
2844,157356.6548137823
2845,116283.65692467708
2846,213750.850104982
2847,207792.73489186628
2848,206673.29062461026
2849,200694.08121548328
2850,260909.3734040988
2851,214533.57496426997
2852,220063.27002682077
2853,245133.45861527036
2854,138921.10160444395
2855,204853.44069905527
2856,199477.33818991575
2857,183419.77182700468
2858,191006.17786095903
2859,121018.40176807524
2860,127299.15978437316
2861,122365.1582803847
2862,191127.38652169897
2863,126049.72502934828
2864,243429.10020048023
2865,141430.65211435003
2866,132771.85802276907
2867,100899.1141440571
2868,98034.74629436898
2869,112784.14333095713
2870,124731.09338614669
2871,93885.45218964008
2872,53193.361123346745
2873,94746.86701474745
2874,132583.7968011846
2875,112788.89909473307
2876,163478.2174177961
2877,138609.59313524363
2878,156187.64691035482
2879,141657.27720845444
2880,96407.28966772517
2881,142778.49690808885
2882,171765.0614521849
2883,188214.9465663865
2884,188512.37476189606
2885,196631.83342071838
2886,244044.8580846715
2887,92211.5091917528
2888,134299.36272682546
2889,51777.45643001207
2890,88305.13395531033
2891,132465.81214680936
2892,56605.56707678292
2893,96859.73497545354
2894,66834.25808112582
2895,317607.3676756343
2896,275699.4495191896
2897,197849.47452917998
2898,143591.5952192597
2899,201900.176751808
2900,157447.68229660642
2901,218179.9995183687
2902,191486.94714020027
2903,349593.9513108481
2904,345133.6674325105
2905,94719.00195502413
2906,203397.2364021904
2907,113157.39794760566
2908,138779.18344718224
2909,137430.63205438884
2910,81436.01779788591
2911,78911.90927977771
2912,148194.57451701164
2913,82799.88582778463
2914,76678.22462071024
2915,80777.69071592079
2916,80474.09113610035
2917,154727.18409827419
2918,117783.1032118182
2919,210406.4353046173
