Id,SalePrice
1461,121456.58496527816
1462,155485.10580121542
1463,183780.6811014586
1464,200284.47179446009
1465,194492.67077727502
1466,170442.46466965834
1467,177816.09922591413
1468,160883.0949277889
1469,194550.55140018207
1470,117728.91688770824
1471,193133.308850381
1472,97574.31524152873
1473,92985.42775798187
1474,143743.62958435086
1475,112992.34408569739
1476,366648.6608311929
1477,242121.9614293255
1478,280162.2950984101
1479,280969.6624128078
1480,488402.5868002417
1481,329438.63712693803
1482,209331.98142594326
1483,180630.47588648507
1484,159816.88870441075
1485,183605.07447935568
1486,194509.52134856457
1487,331470.14030263387
1488,231400.8233179112
1489,192839.850118051
1490,240324.00840599218
1491,193192.2762540236
1492,94317.0891477635
1493,179517.37300787517
1494,281964.43763339537
1495,286672.29009372316
1496,235596.80601862603
1497,184386.73642331746
1498,169571.5968255886
1499,161336.75618845882
1500,154750.7849845538
1501,171502.62947100704
1502,144289.896183712
1503,293799.53502514365
1504,240749.85864404796
1505,225850.0609292917
1506,189306.1656626588
1507,261081.0995165671
1508,204390.87398951675
1509,161045.30147870496
1510,143342.83004631242
1511,154769.32737391145
1512,174863.42669138382
1513,149401.34452887392
1514,155227.50486646328
1515,197142.49055091874
1516,153967.19762116025
1517,178226.06114127365
1518,131912.01702597665
1519,209671.94826965124
1520,126171.40292263492
1521,132609.8060536505
1522,175412.17733336077
1523,111247.29973675834
1524,124551.40915702417
1525,121133.1218322097
1526,112578.32014439174
1527,107686.55749556657
1528,139771.18731183684
1529,150689.66997353622
1530,185619.5469125252
1531,104222.99956702298
1532,97223.48362996665
1533,145762.028249557
1534,126688.26099518072
1535,150566.3281013035
1536,109582.50646741629
1537,61035.20679471188
1538,146704.72448092798
1539,185875.23946324922
1540,92033.25300059485
1541,136669.84312789282
1542,141915.316939637
1543,184843.10835466074
1544,88555.23374073752
1545,113047.48112152173
1546,130442.03789468706
1547,128328.84030842413
1548,136617.2522712095
1549,116712.24148924953
1550,129404.32092843941
1551,109323.23435714639
1552,133500.09471804503
1553,141112.3589257065
1554,115060.77522962594
1555,158191.38729284867
1556,83354.79386520496
1557,108920.59575029538
1558,101233.19211145522
1559,59366.23314869092
1560,128156.88254587637
1561,123868.95157932586
1562,130161.3343897039
1563,120469.71115521516
1564,157174.78910273983
1565,141532.47485308687
1566,234802.75654344112
1567,79851.94759569046
1568,236597.57861734147
1569,126587.70731440943
1570,138365.1905207058
1571,119906.96475022928
1572,144783.05865720782
1573,239557.4092851326
1574,120972.55198292003
1575,225608.2548463049
1576,247679.90475200734
1577,178268.90350036678
1578,144644.43535333715
1579,144137.91550834017
1580,194830.28128375643
1581,157976.89000960102
1582,122799.65111623978
1583,299043.8967583404
1584,220518.568666048
1585,137374.04964729375
1586,73205.03695444355
1587,104827.40759637448
1588,157205.88770036702
1589,96149.12585522691
1590,137084.4557088911
1591,92418.34114603137
1592,114032.52000821641
1593,125164.63696677468
1594,128181.49119995614
1595,105597.65051640008
1596,223556.83533952205
1597,196013.99439564464
1598,224306.3592503121
1599,166657.08980431085
1600,154660.3079461793
1601,69671.29219636651
1602,115921.64017772044
1603,70742.01930776073
1604,265707.1272692841
1605,238788.5832641821
1606,169118.62646076112
1607,181669.50226719558
1608,212293.59808887192
1609,181492.2974936365
1610,147778.38486860922
1611,136814.82329332602
1612,168488.37347539113
1613,164308.6050623692
1614,128424.65225985149
1615,91393.78161494766
1616,77465.59785417475
1617,92833.99252993077
1618,127264.30142657022
1619,136147.99027224333
1620,154461.63989041164
1621,134292.77225101227
1622,137797.27699097793
1623,256580.08380135015
1624,212664.4588720483
1625,119126.1449153304
1626,171959.93577733723
1627,195591.01215139238
1628,287372.34697345586
1629,175349.60513234913
1630,365764.2020218936
1631,221705.68611262133
1632,244245.6313596256
1633,166799.95193509397
1634,184903.6803961977
1635,169563.727158044
1636,151996.77536191267
1637,204144.44642309815
1638,180445.42196903477
1639,188483.6694062348
1640,264556.98920968536
1641,179384.88641099742
1642,240601.01452046604
1643,217112.28731585594
1644,236305.2183698733
1645,198326.69598504482
1646,158187.18624824338
1647,158964.51625079353
1648,131045.89986206839
1649,140164.27039039964
1650,112073.14202806228
1651,122132.63859313611
1652,96430.57362079198
1653,99338.97855129364
1654,140551.25079001026
1655,132240.53404343134
1656,137349.86390371507
1657,141494.92985313662
1658,140676.300977682
1659,118548.1456660475
1660,154353.00390136702
1661,446994.341363158
1662,415323.87922143727
1663,367486.26961137453
1664,526205.8768161237
1665,296776.0815628911
1666,325612.5250931854
1667,396116.8970113513
1668,338788.06437579234
1669,298263.61684378097
1670,335700.0454496549
1671,260344.2926846804
1672,428839.87196126685
1673,289304.2933015538
1674,234051.89550466562
1675,196722.47023502638
1676,194476.28380587
1677,220094.6643639421
1678,465455.40156547783
1679,390712.49173666723
1680,324321.62027344655
1681,240953.94575367018
1682,309907.1346117647
1683,184011.4793898244
1684,174458.752242946
1685,171458.76552428037
1686,167398.26270852605
1687,168725.41716651554
1688,189968.85214969967
1689,192606.36854561215
1690,194149.9330772442
1691,182377.66627865203
1692,259479.52929539373
1693,160789.0766399913
1694,180824.01439136243
1695,162275.79087532996
1696,274235.30098459695
1697,168316.86604102026
1698,344369.93858624814
1699,292382.8024931864
1700,247861.43166794933
1701,266870.0253756185
1702,237928.65660357295
1703,235806.76057295589
1704,275240.2617688594
1705,232734.4106973678
1706,445140.8197344388
1707,210770.7197846375
1708,199330.64344907805
1709,260663.90160975273
1710,218725.66514431618
1711,273184.65851087926
1712,254581.35223825043
1713,279496.7863161594
1714,224703.56091642132
1715,204487.46104267868
1716,184137.15333529288
1717,174458.91349619144
1718,137810.57583707594
1719,209378.2860063573
1720,237614.48494167364
1721,160882.57954746642
1722,124745.01546812983
1723,152774.58110025406
1724,201257.23839251982
1725,237043.70977839042
1726,184337.19341541122
1727,154926.11736397707
1728,168972.65795511007
1729,163455.1419361406
1730,155353.76336853177
1731,120013.064388482
1732,127229.01631590183
1733,112588.98422570173
1734,121615.9678520541
1735,124138.2925102998
1736,108363.09017260605
1737,300715.61111900245
1738,239719.61405937705
1739,265505.9384219126
1740,218804.68789263122
1741,193556.949894975
1742,169837.4873170012
1743,177048.1660364811
1744,322936.4354645645
1745,216354.72553359027
1746,188106.1908541026
1747,213702.1482037656
1748,233369.8221497283
1749,141092.6968413224
1750,124263.92028125896
1751,257741.64185504743
1752,116933.88393773264
1753,153620.71478035412
1754,198527.0944437927
1755,167981.44908148953
1756,125788.6494533064
1757,121527.18630583698
1758,141591.78252076203
1759,155186.5635721975
1760,163316.71315302068
1761,148408.0622696051
1762,177004.54842273152
1763,187061.50614334113
1764,112743.83016550816
1765,176011.07766258938
1766,193989.32725653512
1767,227615.51911612417
1768,141025.1089918589
1769,171717.6616437828
1770,154552.07151354122
1771,124463.36875940862
1772,131366.91731276395
1773,124490.60285195439
1774,143630.97425489768
1775,140825.6709517886
1776,125239.82931750429
1777,109537.0901356404
1778,139828.49008594934
1779,120110.91240667217
1780,174680.7342220542
1781,126253.81482776531
1782,88838.84936001306
1783,139840.4387355401
1784,108228.34941849351
1785,127335.649024073
1786,132797.70059442014
1787,164718.08502212953
1788,63303.95282364969
1789,100697.58877979527
1790,83323.28289187477
1791,193619.29213254698
1792,161474.88820898748
1793,128388.3207595365
1794,154441.79264548322
1795,135851.50150992576
1796,128477.50513275899
1797,111959.0241712254
1798,121851.41611535559
1799,110427.30681967518
1800,127126.20788375109
1801,127255.18771862902
1802,135479.91359710286
1803,149342.57854250693
1804,138168.04239792202
1805,136755.66975937624
1806,126649.62469953681
1807,131076.5017993739
1808,121372.42857115698
1809,121192.11037427306
1810,133220.6502609591
1811,92107.5563162249
1812,96933.52451298738
1813,120200.21422602536
1814,98142.2590147818
1815,59760.94208900055
1816,105590.74797770745
1817,102339.30034907191
1818,144641.19560353467
1819,123629.21839968924
1820,52181.88488233616
1821,117059.41696323184
1822,149466.26204121098
1823,43780.01246609306
1824,126776.7527462341
1825,135554.65741201394
1826,103630.0183758654
1827,102475.54413086074
1828,132916.04471387836
1829,121968.60416859927
1830,141197.3580908587
1831,144242.7439071945
1832,74031.51443656182
1833,139544.94215055322
1834,117696.17000760467
1835,119166.1516995363
1836,129279.59637709879
1837,86063.03753432311
1838,127669.34598664417
1839,104841.12551144007
1840,140297.51813038407
1841,136462.5708833469
1842,92384.51803389021
1843,128089.3139676092
1844,140759.60156368103
1845,140852.48005758197
1846,158054.71167493143
1847,165456.57566175994
1848,55956.99267587655
1849,111090.28036067869
1850,116544.59070525714
1851,155318.77860370968
1852,123141.58660545244
1853,123252.13216055777
1854,167958.51955823466
1855,143799.3490823803
1856,225595.45460606556
1857,139973.7192250098
1858,138721.27670433538
1859,116550.1778931198
1860,142765.75868542184
1861,116355.3640254664
1862,326594.6759292669
1863,305274.2645194298
1864,305384.7624423781
1865,342284.79307440185
1866,329091.2102825362
1867,220192.46989275655
1868,288332.46849055076
1869,199704.11442850844
1870,220141.38828661718
1871,251789.51138071297
1872,171832.01825690566
1873,240198.8477700464
1874,157590.65544667916
1875,202356.95360344567
1876,202340.6957223391
1877,212926.09474656626
1878,202093.15211588595
1879,129569.44991750829
1880,131489.5177992884
1881,245323.55766286427
1882,247557.15693077102
1883,186836.78851570492
1884,207119.6274333559
1885,242368.37635807972
1886,289258.9100745003
1887,213149.49056105968
1888,266917.844725971
1889,168111.2550619751
1890,117219.76649454431
1891,134757.7362815985
1892,96671.9238313647
1893,128400.15156635611
1894,123422.71203822797
1895,131835.3758406355
1896,125746.21103870895
1897,113736.96066582686
1898,111960.9129858891
1899,164308.60666732118
1900,152555.69513944152
1901,167328.36497820355
1902,159257.81858630048
1903,216077.29096698074
1904,142025.7532325454
1905,206673.34465384367
1906,155699.06891945138
1907,214273.36983443174
1908,108335.25538241267
1909,123931.13711059024
1910,117059.93286066226
1911,220074.87577216065
1912,352001.9954591322
1913,140848.60207726224
1914,60198.04190976447
1915,308102.0186420826
1916,72077.76302836165
1917,241070.27432932082
1918,143129.64960086675
1919,180812.76887635636
1920,158126.53349515892
1921,380895.32092970033
1922,309926.63953950966
1923,240852.76456951845
1924,230764.39383716008
1925,196624.4074307836
1926,374226.31379403407
1927,132096.60030898842
1928,154034.4041965348
1929,126988.56728282248
1930,125650.22138068297
1931,141985.94966060822
1932,136613.5705736066
1933,175789.58260089433
1934,183777.4306070524
1935,166566.96200062896
1936,197799.00128856068
1937,185558.30933340118
1938,168745.61051615042
1939,235015.37710700082
1940,190016.98977985105
1941,171298.0655733873
1942,182679.3063306279
1943,212283.15068526723
1944,372505.78731101315
1945,389127.25344582275
1946,138158.59732949454
1947,318359.52476626105
1948,171368.47355190263
1949,246739.41612807987
1950,186692.38084060128
1951,242066.6488699506
1952,207924.15274821344
1953,164518.2558439003
1954,185172.49960282474
1955,132521.7519673685
1956,327601.3491762505
1957,153419.1543560701
1958,302318.8698376754
1959,145051.45072744304
1960,116772.91388476238
1961,118543.10202151848
1962,96660.4019014413
1963,103563.29384704864
1964,103095.3733309682
1965,138543.20047883154
1966,135514.20004928863
1967,286817.6562691652
1968,427884.4702604861
1969,373620.9002026393
1970,428835.75636707316
1971,488122.6090108829
1972,376521.0220813859
1973,260958.29825661087
1974,335871.78553846956
1975,555849.9190313481
1976,262476.15171281423
1977,360935.023378023
1978,362106.47921605373
1979,317127.7390602235
1980,206680.71286618593
1981,338396.6469413779
1982,215479.4072197365
1983,201136.75037543988
1984,169119.02337399992
1985,224802.2167642651
1986,205659.97932489193
1987,182895.61136278615
1988,172944.1871777643
1989,192343.14645506372
1990,206945.8051069177
1991,233492.77924365364
1992,215019.3463188264
1993,167576.92592722483
1994,240177.96271382057
1995,183814.29195349393
1996,238806.21777466356
1997,306234.7161167363
1998,299920.22952823236
1999,264852.8524480497
2000,313431.54078603664
2001,258922.39688617608
2002,236566.09049330355
2003,256906.232386257
2004,281115.37893849815
2005,224399.70243521663
2006,220822.90861743665
2007,246985.42324455528
2008,217162.35278565146
2009,194139.1260808037
2010,193972.1925221969
2011,139330.5518110263
2012,170920.4857895313
2013,173099.2783703265
2014,183746.20226889255
2015,202911.34359442917
2016,187832.49445636588
2017,189851.54616196294
2018,115411.75213909672
2019,135083.1692602326
2020,103514.123107235
2021,99243.13925898331
2022,184282.11547117727
2023,142946.0277892077
2024,271176.4004932586
2025,353766.4484511718
2026,176972.39596932498
2027,158856.55444999936
2028,152048.10592091244
2029,168342.12712093355
2030,266914.3570315229
2031,233390.27540419856
2032,252750.67592725213
2033,254351.0484707198
2034,169666.44232493217
2035,222916.7411743091
2036,204344.45677200248
2037,217309.49186958483
2038,342321.15641863225
2039,227168.95010720205
2040,290745.9725484435
2041,294444.0482618777
2042,211260.0733954069
2043,179603.99206162273
2044,174820.76080935088
2045,211830.9563690029
2046,151635.95346917305
2047,142130.0466831993
2048,140669.9728126026
2049,146028.90773575552
2050,172928.29969136673
2051,105254.74449394431
2052,120982.31210374272
2053,147780.19855728385
2054,92652.0381607029
2055,152647.39660948055
2056,143896.72235783975
2057,111116.79229440799
2058,214903.2923068602
2059,130323.41978285395
2060,175287.97886498662
2061,174742.30307023466
2062,128181.3748267306
2063,118165.53423080996
2064,136381.20375698386
2065,118340.12442474667
2066,159942.18978094435
2067,109406.49961825254
2068,148659.28673851216
2069,91501.44059731255
2070,118770.4414491179
2071,101281.02351502524
2072,137212.48126791307
2073,132203.39350927738
2074,187063.5824156677
2075,152093.57874551218
2076,114459.14208224879
2077,154903.79997430055
2078,124032.17370299518
2079,131299.89885333276
2080,121589.80641706187
2081,126370.72628510746
2082,116272.42400910286
2083,143301.23634518517
2084,109884.25726791254
2085,115803.12871925812
2086,112575.29622560318
2087,124659.3395169515
2088,95474.85239326976
2089,82451.10420972615
2090,118523.5253290988
2091,104555.3309580195
2092,117917.52248548693
2093,112096.06705881198
2094,108801.32647505513
2095,147898.89305683886
2096,85917.13804015695
2097,98477.6309554147
2098,147893.97546752315
2099,58034.192967254785
2100,69353.75226261599
2101,109528.09427740291
2102,124314.56808487195
2103,105680.0710110474
2104,147123.80651689318
2105,126746.99622326702
2106,65764.54701623812
2107,189054.31880973227
2108,116623.54138058174
2109,112026.1229540749
2110,127360.46641904062
2111,136373.9156995174
2112,135447.86617914244
2113,117929.900149744
2114,122662.48566025944
2115,162427.54848653267
2116,116375.96028439372
2117,142803.18412076472
2118,120950.83089154217
2119,118936.28585482753
2120,109397.16468270725
2121,93601.64092805889
2122,115738.87327302311
2123,84807.90966277235
2124,152999.77172007284
2125,125787.04503059288
2126,146145.44508889082
2127,164421.06145618827
2128,123099.35350891139
2129,94853.63162249935
2130,134973.9594636091
2131,140156.63104845982
2132,111607.0625179722
2133,125428.49303062278
2134,120224.27852151237
2135,101085.91623721964
2136,77380.45954584208
2137,106425.04969213535
2138,132845.58417018587
2139,152939.99105214124
2140,140143.03222740203
2141,164020.41179923585
2142,125115.68774071915
2143,147049.49711980438
2144,129440.39745896395
2145,140512.4680923911
2146,177444.7942933963
2147,135502.55101190228
2148,130269.98178471095
2149,153561.4087849107
2150,228944.43127133485
2151,118047.98474778171
2152,180219.6555943013
2153,159417.99403316824
2154,104741.56949978469
2155,142575.08655968023
2156,271267.24272491224
2157,229707.5340123547
2158,241191.15207297148
2159,213292.1548997393
2160,181952.4109409153
2161,233137.54416739708
2162,399549.879090465
2163,337894.1994427857
2164,249946.23390522227
2165,199565.41843108815
2166,161991.78805957793
2167,221053.51460242883
2168,194611.721895767
2169,191635.56486012915
2170,215949.33746726435
2171,156825.12638392777
2172,129201.78068996684
2173,169642.20188091675
2174,230443.441778208
2175,295904.09801792295
2176,313100.14408628223
2177,243396.21748407633
2178,211220.41777687363
2179,138300.12714774697
2180,214682.51298842818
2181,193005.33567062626
2182,225452.05613007455
2183,188006.09865730564
2184,119835.48195499326
2185,127814.64582451413
2186,149417.2592975258
2187,155015.49130001766
2188,151741.91726888635
2189,278811.68047609634
2190,78345.23186462084
2191,79231.72815979047
2192,87804.59476451005
2193,110650.90897789504
2194,104177.50705097319
2195,107427.07438467821
2196,100978.94524038603
2197,120103.59209392162
2198,158730.6557800512
2199,171581.38496723335
2200,145970.48302380665
2201,142808.11222396203
2202,214041.05660541158
2203,134141.38397418143
2204,177740.15078680654
2205,123032.88283399517
2206,140043.31945235416
2207,216171.94775499718
2208,274905.9991953404
2209,255677.98997902207
2210,117335.47756522521
2211,118581.44927129408
2212,124350.81558370776
2213,105026.20068293417
2214,130228.36400731631
2215,104060.93972963496
2216,149300.6460615191
2217,69496.60052777434
2218,67697.52231514451
2219,64784.747416305094
2220,62675.770934691085
2221,309464.05439418147
2222,283408.9961189887
2223,279516.67568818026
2224,205671.78662094337
2225,119620.20987440756
2226,184678.9557420654
2227,187968.97490218276
2228,262494.2091227545
2229,253528.7367732544
2230,147383.30400482027
2231,209535.09028593815
2232,177669.99177541584
2233,176781.7170788328
2234,237357.43546546597
2235,220026.68614164199
2236,256928.55313358866
2237,309241.47530046955
2238,194158.7591106735
2239,112056.96993678808
2240,155670.1806510387
2241,157590.52225263114
2242,123781.09576112291
2243,131610.65789583282
2244,100837.55555534305
2245,98062.21602353937
2246,139563.4891720377
2247,113750.32088914374
2248,121010.30528967374
2249,117567.18862998494
2250,128970.34079989197
2251,104850.52300653781
2252,185454.62910780945
2253,149996.62963098648
2254,175289.76476015738
2255,183800.95262960694
2256,169518.91425529798
2257,214451.45015969692
2258,158305.34081633092
2259,175544.77470671886
2260,156575.95294998004
2261,190386.09922392308
2262,213949.4055303633
2263,384781.40276755625
2264,498929.5993546918
2265,176248.2071570921
2266,305376.2555217726
2267,376980.9636084202
2268,423347.5888164759
2269,149302.14060842548
2270,195172.7538994159
2271,215069.26205645181
2272,193104.70044228504
2273,162053.70549935862
2274,181266.97394453728
2275,156339.5586560365
2276,190776.56386835812
2277,183191.37852754787
2278,145994.94411809847
2279,128266.96447976067
2280,119537.85576934235
2281,165437.06422507047
2282,190141.20008705775
2283,108289.66028075226
2284,114344.77656864453
2285,140586.0856300399
2286,124010.98509692581
2287,367562.3033250894
2288,268926.9660592689
2289,370671.336761488
2290,481356.33860164526
2291,338879.1661262312
2292,437384.48543651646
2293,491791.72030775866
2294,413973.71458793606
2295,489971.03922228795
2296,292318.89801156713
2297,341037.39542223077
2298,331665.2790403146
2299,367223.03662951227
2300,337912.95969349204
2301,305726.2773657468
2302,245370.11230764497
2303,238106.05520116986
2304,252184.4337857524
2305,199768.59132379811
2306,192902.9149443929
2307,199280.77894066786
2308,226880.10634949832
2309,280048.44578194426
2310,209339.1307202226
2311,204340.9753255426
2312,173455.781658703
2313,171714.16075642774
2314,175411.50855306076
2315,181306.69753297884
2316,195176.1022019561
2317,190575.16258455784
2318,180414.32979732566
2319,185021.51304581022
2320,186462.41923160577
2321,234039.6897947832
2322,178741.5244318128
2323,197985.6136469415
2324,176494.28120326845
2325,216346.1948975661
2326,173371.5709466989
2327,201005.4713762186
2328,220504.39873225274
2329,194428.94590310092
2330,184424.39084398805
2331,341075.7651102666
2332,407459.87161202694
2333,321894.76552820293
2334,249412.92059995147
2335,273579.5235767259
2336,302733.40377712325
2337,199442.6182284627
2338,265145.0575846423
2339,215583.72267500893
2340,398287.20766939444
2341,215465.64506403136
2342,232523.89194864436
2343,225967.88181566307
2344,218262.33239816324
2345,235250.20863782323
2346,214315.7332913265
2347,199505.42171559448
2348,242849.85284607016
2349,176339.85652051074
2350,314470.9656147171
2351,255978.73312608316
2352,251521.1792214053
2353,247130.98017540775
2354,142906.6840296947
2355,146455.41476492165
2356,148694.30015602612
2357,185803.8902209532
2358,197607.61834679017
2359,134465.77721913808
2360,114938.38722761287
2361,148024.69013618922
2362,279289.0643869756
2363,137396.52071066172
2364,152348.40070284271
2365,218611.09942888323
2366,195300.35396838805
2367,224724.97463700108
2368,220584.95509010385
2369,222000.23967367978
2370,166690.43580817676
2371,163411.9295228105
2372,195986.02969976328
2373,289716.63016658823
2374,322151.3524830234
2375,248706.2942917186
2376,290456.6009448188
2377,352757.2239206149
2378,148053.7553340852
2379,209859.51823176868
2380,150235.04138638417
2381,172265.03874850087
2382,200091.5648061326
2383,203998.43368868704
2384,250978.3432692365
2385,159811.9404658648
2386,133708.06406798895
2387,135104.63470574818
2388,102869.06997004664
2389,113088.80931937968
2390,144730.5219428325
2391,144034.12457276016
2392,115982.85653559491
2393,168168.65884846417
2394,144549.18742001138
2395,210349.06506977847
2396,142813.96785223577
2397,227405.41130721752
2398,134447.39873363252
2399,67500.30502698166
2400,66267.35413144267
2401,125317.31302076564
2402,133594.99034660181
2403,146366.28300684138
2404,152747.72206451016
2405,159245.67112539202
2406,142627.90166120388
2407,124810.86111751184
2408,149043.3844691643
2409,120196.26237343566
2410,164756.1023791686
2411,112746.0143834861
2412,157600.63654488954
2413,128537.30803250671
2414,159631.09457046207
2415,134301.68668757158
2416,126445.49901594632
2417,129814.2274004543
2418,133388.53483498347
2419,126021.12090401287
2420,118831.92042494882
2421,146711.85361450055
2422,106110.53672457483
2423,111326.41127712867
2424,158376.73635287295
2425,203608.54534770042
2426,128175.8816121789
2427,125852.45707138757
2428,171541.45077985895
2429,112445.46064831107
2430,131349.3751584704
2431,105921.25425983068
2432,147874.06071710627
2433,145061.87792264915
2434,137039.40976319253
2435,151396.6925493307
2436,108891.47055563595
2437,102926.30976814331
2438,125125.08530632194
2439,105513.48738328327
2440,123691.58085714692
2441,93205.27040387674
2442,97853.6632097715
2443,128898.63654992587
2444,130488.00851835388
2445,89070.91399419945
2446,138198.1237146076
2447,176299.77577892278
2448,124981.04604066952
2449,107887.9506334523
2450,153314.51824459035
2451,113638.19508098834
2452,194200.95843297886
2453,96246.6569406876
2454,121648.31001711171
2455,117078.16430443552
2456,135830.5907676891
2457,134000.6238722941
2458,124172.29530528605
2459,112774.68344573342
2460,138433.51178482128
2461,125651.4683483532
2462,135616.22608843044
2463,121204.71886810556
2464,175381.12118732452
2465,142215.10324939928
2466,118312.33464364285
2467,123710.27772996822
2468,83985.09452778066
2469,83846.44412523779
2470,197306.54198018622
2471,216645.52665886123
2472,165101.5710036595
2473,114292.49187352024
2474,77409.13127720493
2475,219418.11420729346
2476,114489.8360375057
2477,129765.43974468377
2478,157322.08054587877
2479,105190.4119985415
2480,156382.05715169077
2481,119539.54149870758
2482,126969.07678512213
2483,109879.96751782199
2484,119724.51557685572
2485,123120.97500274269
2486,150772.31103936123
2487,162724.5375441146
2488,160445.6952292606
2489,154546.7417637078
2490,140299.7807534107
2491,95475.99480666652
2492,190273.9423473539
2493,147307.12483670973
2494,146388.23680737958
2495,88475.49637564603
2496,226578.7824667984
2497,154200.7822294208
2498,106498.43962732685
2499,89189.28703772146
2500,119283.75569234557
2501,137196.25708175445
2502,147700.83998680406
2503,96122.1239424024
2504,183736.81284006865
2505,225312.69937865098
2506,248566.35286228842
2507,283199.62045448215
2508,249685.75111026154
2509,214953.7647063482
2510,216182.22243332438
2511,172946.3633165841
2512,209806.15762654698
2513,220687.23552870573
2514,240791.7955127211
2515,149998.23542159144
2516,171815.47001938356
2517,149292.8182324946
2518,156567.45104886143
2519,236679.28528322757
2520,218393.12143917906
2521,186914.78525206237
2522,225710.3527519019
2523,118542.43182633676
2524,135041.85678151425
2525,149707.96134022647
2526,136731.62561175134
2527,118134.05938633252
2528,129648.7856278737
2529,135626.924730759
2530,123793.45169886341
2531,261510.07143305504
2532,227481.33855283025
2533,192678.54564311937
2534,230308.00478625263
2535,311301.7089048475
2536,232063.17839637294
2537,244076.89123451768
2538,181957.5394544098
2539,187577.28951514827
2540,181188.4656798379
2541,178497.24515178672
2542,160389.83537463227
2543,121876.07103643398
2544,121347.34328478828
2545,135298.35881947735
2546,124310.51577095155
2547,137160.91794684035
2548,157327.0949198508
2549,154144.39630756614
2550,1227951.5734246154
2551,143575.14196846617
2552,131910.79620741907
2553,75344.12137067405
2554,90817.65815791517
2555,123067.23531346326
2556,101019.0953354858
2557,106999.66661388271
2558,140749.7526666781
2559,142508.8878799327
2560,149655.24119977368
2561,142968.74311441096
2562,141610.80562511014
2563,150090.22851068573
2564,195911.55715265477
2565,139152.3058877332
2566,155354.66946340317
2567,140879.3331992803
2568,202508.77220929402
2569,235925.232542977
2570,112358.35650951331
2571,194689.30884626912
2572,150534.07024481875
2573,227668.28073495542
2574,294749.6742407044
2575,128819.72095855579
2576,114826.37204754387
2577,133497.45678668527
2578,85354.55436178343
2579,64434.27286401951
2580,83795.69158036896
2581,92831.49261771468
2582,103474.70140662162
2583,287663.69351432263
2584,180203.58996096533
2585,185892.89950378347
2586,227533.67675464047
2587,201990.98157697602
2588,130306.51460034624
2589,150769.18534815437
2590,196365.39893508912
2591,219381.6066571025
2592,213700.25989454062
2593,247413.3957398055
2594,178722.83677756545
2595,196550.139777556
2596,285043.8477450585
2597,183931.75023716918
2598,292653.9400385136
2599,339945.2642686656
2600,149347.11311334715
2601,145560.67141196018
2602,82697.03380398675
2603,89708.43236993499
2604,87717.09833368385
2605,82805.8198583634
2606,144163.69921224067
2607,204105.37249128526
2608,186203.12334095503
2609,169337.85277421586
2610,109369.97926486867
2611,122116.48598731741
2612,160902.11581517546
2613,129884.2688484598
2614,124134.2116961334
2615,151178.9124530438
2616,141444.80480387772
2617,183464.20376719077
2618,204547.90524036542
2619,197396.80266081815
2620,185855.51714352984
2621,173094.9864514378
2622,178505.01903087265
2623,244887.42757985534
2624,314051.65219436423
2625,316389.1832592696
2626,172908.7306331672
2627,163499.01463950746
2628,498198.5369614622
2629,561471.6769334304
2630,382288.98163865675
2631,520942.4718123757
2632,427452.6658135869
2633,312462.64830162935
2634,426605.69306129206
2635,162305.6063680333
2636,175063.89417748904
2637,184118.86551608445
2638,266003.404566916
2639,185192.9220533843
2640,149915.5888862672
2641,104832.98603766324
2642,195165.06168769457
2643,104037.54623071908
2644,115257.74485593522
2645,109271.20834459788
2646,94708.66881056901
2647,101821.31978722813
2648,140606.1138524504
2649,152977.11948997364
2650,134312.5622323652
2651,136244.98473784878
2652,428707.2031485112
2653,243883.62378345686
2654,254068.31839636253
2655,393945.7984749973
2656,320860.87834676524
2657,363854.2890851977
2658,311561.41663615627
2659,307198.5853663858
2660,371587.29042660946
2661,350784.0901572193
2662,360949.2892559252
2663,291491.6064005645
2664,268391.68430987943
2665,323380.4005210212
2666,277160.64052540145
2667,171995.71838207028
2668,178732.5776051426
2669,183754.0556240569
2670,281668.46969587763
2671,186631.79031941784
2672,192224.5295088168
2673,196274.38157400046
2674,192282.9290165862
2675,172624.95308812713
2676,192253.68755983037
2677,201704.56560502606
2678,255273.43017307372
2679,261659.47504138318
2680,275349.39037983376
2681,403899.1214611612
2682,317904.1301284034
2683,540220.8060908951
2684,305603.3838459272
2685,322998.0988261148
2686,253238.27991873134
2687,313571.37177385925
2688,216613.10212288232
2689,209164.1957568855
2690,461297.8267058639
2691,189538.52061890234
2692,142056.8352614701
2693,202473.24023605778
2694,139632.20762898726
2695,191601.71860963674
2696,182657.66548552288
2697,187239.23036727455
2698,190845.11528859727
2699,174614.2203219573
2700,155154.9949799126
2701,144041.23606285208
2702,108928.02165861394
2703,125438.71165219584
2704,136251.882674004
2705,114925.03811706399
2706,110279.02795074157
2707,121174.39733255804
2708,133308.83086931153
2709,103352.13969293892
2710,126543.34332767193
2711,275901.57788097113
2712,382291.833830244
2713,173846.63237548224
2714,151216.16946244048
2715,167877.1847806301
2716,147588.66733062838
2717,194444.76055970334
2718,218403.4478302145
2719,156107.06283440292
2720,171012.37700183486
2721,130737.07962405914
2722,157685.49606174987
2723,140973.87430672668
2724,129373.463245049
2725,129409.13517843717
2726,153580.06207282864
2727,172008.75265674142
2728,179825.35806881165
2729,146642.8343332425
2730,147384.62122953287
2731,135566.92340340128
2732,136118.6611553721
2733,158568.52470883276
2734,140655.48876339535
2735,134712.23780406138
2736,136845.84799314674
2737,119550.95506616637
2738,138181.45578228598
2739,160887.65227888955
2740,138005.80455630142
2741,143756.9276603327
2742,151137.66174594755
2743,156790.63776941158
2744,162889.50628548075
2745,139323.11764953472
2746,139204.5564775708
2747,140768.35595759802
2748,121718.56901106673
2749,126305.78742127083
2750,128166.09360337962
2751,136831.43087278988
2752,192736.28189804094
2753,139399.0984166837
2754,231917.30167835823
2755,137679.78771234432
2756,101109.52264451399
2757,73967.08251025449
2758,91479.15244148218
2759,158151.97671920914
2760,121166.93624754791
2761,142708.8558380964
2762,144131.1989438506
2763,184089.83695196523
2764,145538.85281966472
2765,302061.0309406079
2766,132032.32651530055
2767,86554.7263758904
2768,126887.00555125417
2769,132005.33346690692
2770,137097.49328898476
2771,104212.66738696795
2772,112652.08569212466
2773,165083.7165124551
2774,148303.5309647268
2775,111334.55035496963
2776,141765.19728613633
2777,142873.4305367964
2778,103756.64399262273
2779,121848.26707069919
2780,97068.94556598789
2781,101447.18289979639
2782,101284.36889581085
2783,94361.7926178097
2784,122200.05353973813
2785,134492.69117361534
2786,71899.17846561773
2787,127480.08804984498
2788,76315.8089872618
2789,166869.97947979046
2790,91167.19692071271
2791,110573.2497751381
2792,54805.895316701615
2793,160216.13849258947
2794,96364.95537513503
2795,117512.01754536643
2796,101712.97444567678
2797,222039.15256215335
2798,102038.01761858765
2799,112206.88023947057
2800,69982.81105483469
2801,112186.25237784555
2802,127313.29013468577
2803,174082.28724795138
2804,126679.55827544547
2805,102296.40966457775
2806,84951.88982553591
2807,161010.68642529083
2808,144503.44133563433
2809,132663.34981596118
2810,123897.32475213846
2811,154314.2624978242
2812,171564.32071062503
2813,159822.11949796294
2814,161908.49593480525
2815,98679.5309302577
2816,234969.2499387125
2817,151079.13040864826
2818,135317.60977955762
2819,161975.16335401643
2820,135629.3207099764
2821,101632.10580262018
2822,196081.56818395064
2823,380784.58814058837
2824,180482.69125695858
2825,142917.3147236807
2826,135402.30446659582
2827,139669.04526859883
2828,226306.0772795329
2829,210286.95610788817
2830,234789.233072784
2831,168566.0919543595
2832,253672.48565349408
2833,304695.24733637983
2834,227630.84131427878
2835,224033.56147696968
2836,187518.2316115314
2837,157257.70093348855
2838,151779.64634058735
2839,171257.27106333472
2840,204544.51210717962
2841,202214.50012866623
2842,232644.37598506594
2843,147239.56033908334
2844,171074.47488163432
2845,129830.29911362901
2846,206371.8614176658
2847,208071.4111078482
2848,219543.90234663064
2849,197570.2398126477
2850,278862.86888431234
2851,220902.7608732586
2852,239866.74506693607
2853,232507.64178135013
2854,138263.3572181137
2855,201837.16261347244
2856,201094.19736152096
2857,186466.82259125417
2858,209570.61645566815
2859,105974.99097013744
2860,117170.6280330698
2861,127584.50726695063
2862,186472.37251682155
2863,128099.91002093689
2864,252059.4693168529
2865,145432.63279680972
2866,147211.5867606491
2867,100244.17784911304
2868,96647.96824423526
2869,97012.9672382453
2870,118321.6418855235
2871,80732.74281162192
2872,57502.35580371224
2873,98410.7428637314
2874,137818.07454420556
2875,113617.31926751335
2876,157630.59714660607
2877,145738.60596120486
2878,161661.70165673576
2879,135758.03724746004
2880,101707.53007482448
2881,144742.77517554688
2882,176489.55165498203
2883,193237.46777245536
2884,196470.35809631494
2885,187643.09964815716
2886,236975.547944751
2887,99276.80662257803
2888,144222.0598875753
2889,62579.11841158684
2890,85301.69765068563
2891,139222.3861207348
2892,44941.45449705723
2893,68133.0280756598
2894,53987.026287855646
2895,342503.4783625296
2896,286106.78439624456
2897,211260.97002664828
2898,150469.75551965932
2899,205032.41403923774
2900,158810.05852303962
2901,210526.4590364131
2902,182649.8737112671
2903,325136.90841012774
2904,349040.6500022253
2905,82359.32074488341
2906,192460.18220670556
2907,111194.36117256238
2908,131209.5579561881
2909,152416.91339960642
2910,79280.01067054462
2911,80245.8020129567
2912,144252.124571151
2913,80293.94426521477
2914,78357.45024358422
2915,86858.29115090673
2916,81679.9509994919
2917,166654.945441176
2918,118557.03122717937
2919,222857.15278268518
